-7.998568415641784668e-01
-4.486598074436187744e-01
-4.221621528267860413e-02
-1.275696396827697754e+00
4.746589064598083496e-02
-5.609676837921142578e-01
6.657003760337829590e-01
1.861541032791137695e+00
-1.005799531936645508e+00
-6.477047689259052277e-03
5.384020209312438965e-01
-6.070897579193115234e-01
-5.483188629150390625e-01
1.061245203018188477e+00
5.751992464065551758e-01
-1.377985000610351562e+00
-1.316453702747821808e-02
7.642170786857604980e-01
1.385409116744995117e+00
2.344915643334388733e-02
4.143090248107910156e-01
-6.700110435485839844e-02
1.043352365493774414e+00
7.892532348632812500e-01
-1.415511071681976318e-01
1.414187550544738770e-01
1.283616304397583008e+00
-1.038239240646362305e+00
-7.508661746978759766e-01
-1.131665945053100586e+00
-1.657794594764709473e+00
1.413731426000595093e-01
-1.336437940597534180e+00
-5.752019286155700684e-01
-2.104540318250656128e-01
-6.266653537750244141e-02
4.103780090808868408e-01
1.078281402587890625e+00
-7.204608917236328125e-01
-3.589941561222076416e-01
5.074205994606018066e-01
-7.244344949722290039e-01
-4.765598773956298828e-01
1.101983428001403809e+00
-1.536990284919738770e+00
-1.091430187225341797e+00
4.239922463893890381e-01
1.163806200027465820e+00
3.681894540786743164e-01
-1.652850508689880371e+00
